"","V1","V2","V3","V4"
"1",256.195288792782,273.861541247286,269.761034395539,223.675692149442
"2",189.21185954341,280.649533082787,284.902763161684,280.165719734233
"3",247.12493574629,200.32546253728,266.066830517953,311.966924849456
"4",227.572252441621,234.610171503974,261.209783748623,324.507124234168
"5",234.900396925242,289.177946373595,172.624314340973,295.643780590732
"6",286.3959792797,250.056963432158,266.621366627793,290.091291026498
"7",322.307015741663,289.552863405207,265.122752621701,265.776909110836
"8",288.760066930363,232.475506353785,353.182822185352,380.504288789597
"9",202.287574738757,220.487847938856,260.39535831696,308.004960956398
"10",216.307832804008,177.284385271701,220.779524942235,232.327421754048
"11",234.688200570845,253.652690643672,163.750468389812,230.539496590699
"12",293.988967439253,290.310923212415,319.771715581246,332.571382440606
"13",295.847329742603,349.152081658297,318.896694033519,342.700051092753
"14",204.705055405533,198.99131058872,175.276841169545,180.790678209378
"15",272.183440360893,248.624820435074,180.249512324235,208.205398130898
"16",284.817228945821,204.99418753169,289.057055429886,288.487826414289
"17",285.190253600473,265.338077062249,285.568466506392,257.525444163126
"18",261.067040452079,264.745428359212,296.854119905956,323.806893381595
"19",244.738067304077,289.832235427165,319.051659087226,291.54285159721
"20",316.653573283751,320.435372727867,342.039039021591,287.101872903433
"21",166.090538462543,241.089638001304,225.912490301852,278.131391125314
"22",221.560294381713,234.840635992921,216.235912117396,256.585086987347
"23",260.2495319664,278.18674991393,254.289300156139,215.76384399926
"24",259.45206457978,325.496693304642,288.733827684641,319.56524112007
"25",213.016992644315,197.79607392986,243.627745896352,254.574498371923
"26",262.455352328117,331.772336501878,311.100656436433,342.771368204436
"27",233.924768406857,226.874330429808,248.357881155995,172.788563611814
"28",311.136855188425,272.403334863444,299.398680145295,319.905823604392
"29",183.392254184748,202.446526061164,215.426973960067,132.420819065301
"30",184.336708185401,323.99570383435,282.156261814155,277.408839697025
"31",241.405731479823,294.994111141248,243.084263981548,301.221613317912
"32",292.490270620208,273.053526004649,326.383343340385,323.690345778363
"33",237.444814180877,290.066856121088,312.123517243123,323.105730927423
"34",201.095273162202,331.257309903944,299.029955524769,370.850584012265
"35",218.003348966225,276.357715161119,278.071616814091,299.587165137897
"36",234.494858111511,367.493882610047,309.1802761809,341.748908231255
"37",268.749241089334,316.373306649896,307.889527305502,295.977988035399
"38",266.149676921496,321.638566950424,285.40712719255,311.325332104123
"39",238.960863860195,225.106844280371,269.905059739462,256.067009321491
"40",266.06720808673,223.559340443387,310.936360136569,257.157525147694
"41",218.100327624464,200.61573798594,241.48140178809,227.30906405443
"42",309.638387460207,220.097361375794,316.598680161776,348.119698041452
"43",264.290289173362,238.316862639387,289.768749654842,208.231946012316
"44",257.832927278548,257.817345919881,287.215293014877,266.395720163334
"45",227.089191362742,144.919373484518,245.520722036555,238.282965394939
"46",251.996834624181,263.183596470488,260.905604690556,322.004023536836
"47",262.728869353734,240.167845593221,290.366137099194,253.697604448317
"48",291.3068928121,304.361909658345,284.959518196091,302.943706095741
"49",331.168464505925,358.101686717992,340.811097963539,324.054291346579
"50",239.946954453752,237.737968564179,298.749716335674,201.263186967087
"51",122.264111989217,219.675483154889,248.178953191554,281.534241422514
"52",210.113367981016,257.542592367565,177.699645881798,258.496511963629
"53",256.118546612879,259.886888785746,222.049039122668,180.344455861405
"54",279.416069006438,308.040666489497,302.356515548826,304.669121393619
"55",235.148095385967,157.068517998134,167.676482293253,241.280050027314
"56",236.44632790074,278.569800329546,289.998853292275,293.580856070389
"57",257.652709500063,259.48488897351,248.19782567064,245.952343764704
"58",197.476577450075,219.543830798813,205.171658774249,209.209848969621
"59",263.2439933127,266.246885343133,196.423987965317,269.300538457697
"60",237.585779937215,270.683160628071,237.484648058409,211.208111078323
"61",264.418682588021,305.264744267107,281.897567137783,338.044422111203
"62",271.15977398391,247.65391668815,286.149949998787,275.302035690534
"63",224.465236242387,244.791713161768,276.684840212913,276.727256263641
"64",245.482133792721,257.87050296253,247.810531503115,236.760436666834
"65",267.490095310483,265.762368937887,250.899243555534,254.238401688496
"66",221.087664731411,221.618274973984,220.663351902477,184.103191956996
"67",297.304600120875,246.032563882899,332.597168962715,384.17882129254
"68",236.852140719023,287.184878997391,279.091896856354,267.308660972357
"69",306.415644156914,295.253021999948,211.72537314672,290.673036418689
"70",228.809695801487,235.786755149255,162.894604992884,253.583890298322
"71",309.961103784291,295.54663515979,294.300586780931,308.472536652115
"72",230.415855438643,255.715072471764,262.193615977056,279.319858534279
"73",231.884692202627,251.533825225962,241.533180925834,242.343500970134
"74",187.822174736848,225.540883994402,311.057078819544,277.236714012652
"75",141.087779155247,237.157946045955,255.965539385706,175.617148928675
"76",249.818768510123,237.243534601653,276.442815449154,270.224153520033
"77",227.92046404209,255.982370652996,241.216738376739,257.576338456165
"78",215.081026726859,207.439460276089,195.655206600109,222.002776370186
"79",320.886715527802,322.471469619309,279.260775004586,318.033200977587
"80",162.792293196892,221.189675389723,248.315985498108,240.336131996141
"81",134.436846523512,278.732603225294,236.237672208258,183.620839873951
"82",249.100749171036,221.579792965604,245.148484910938,239.861636004499
"83",187.357735053289,207.914662956303,263.981956390213,275.230035660076
"84",220.032911673169,230.81501816514,239.22037755163,250.087415683866
"85",225.509992151473,249.92772678629,154.175902113573,257.035047904126
"86",224.968122448207,231.626228507446,255.742195296928,308.164536438756
"87",236.279449303652,234.407869465132,239.114598585121,205.673042375816
"88",264.6169609079,320.63407716422,303.766824293897,306.710237900052
"89",239.772304009587,266.958300400517,213.972075251347,286.35893253615
"90",209.26077652331,214.443299378981,250.752003223109,279.83884313262
"91",163.033655881681,180.726299736338,253.482207628631,314.28014522349
"92",224.080642453767,265.696811206939,283.808143787689,260.285689624509
"93",224.707008597262,239.553077362817,291.200584383928,267.25468757412
"94",252.891059859361,270.960228027892,293.687931883297,280.44420895094
"95",251.702280872791,238.493486915708,311.646032575761,242.767852821534
"96",174.35697789418,263.322875788457,282.507287559416,280.692872589186
"97",229.573098676732,244.717409042272,271.167679132634,300.144717326369
"98",207.884783932417,239.602688649508,236.914720067491,222.88157512416
"99",236.765212314031,248.690412510227,267.097651935193,279.334461210602
"100",294.116759680711,249.718807746361,269.346021210744,292.486657056703
"101",246.279193038252,270.619698279564,330.485027334758,320.756460617921
"102",285.766261168475,177.691366463413,257.002357385855,298.058590449827
"103",152.260173417605,202.316875567584,182.348449486554,278.863263181328
"104",223.02713206478,251.062986033643,238.271176383666,252.710078944011
"105",225.17154002756,162.160964315408,161.927942701182,236.678310658554
"106",243.845772507961,294.136529347489,306.871435304483,239.954311655293
"107",219.601046357241,224.907480524491,225.20162453012,174.786240913523
"108",263.737586389968,204.771061386567,280.079737563756,232.848960163453
"109",270.592327665049,286.619251003115,286.154510770426,303.023188084154
"110",243.444504054033,252.368684301887,274.922941578433,167.102658984525
"111",160.94749023469,189.61051872098,221.29711869639,239.416486427622
"112",218.402316817036,232.400472416035,228.373780059671,225.588201039676
"113",250.904896210452,304.336950622793,283.173780800412,307.264841921425
"114",229.301908031202,276.143712907248,173.903731604639,228.816540927552
"115",199.829017070867,246.197074364311,299.871403519585,200.790998055367
"116",265.754355630688,318.836199550112,333.480506957179,345.482327651757
"117",259.148790033289,257.289892548459,291.765665591782,312.722560257055
"118",222.494150343145,237.533661292301,144.508562884628,150.241199266528
"119",309.190831151364,302.866865603339,339.439595339175,391.351472645448
"120",175.07298866114,289.429754670821,320.754490554582,336.320868841289
"121",267.61163141919,314.078566759525,253.076319408848,222.669106724714
"122",247.066106089842,265.144424871239,282.758523940266,305.86038503157
"123",259.074067589031,243.685680049878,289.614455137133,255.327149900401
"124",235.372889611896,257.563598845156,238.431002405754,256.567048580116
"125",214.424679032193,254.097784330348,289.772478222297,272.519209233647
"126",225.092008087907,183.673379782227,250.39592318909,182.83938771584
"127",227.153176329004,210.085983982205,283.473486673034,282.365850468292
"128",308.391341907694,222.247918539192,328.154900224603,336.4692932861
"129",244.175933419646,230.930896463704,249.383261399734,171.305795175505
"130",275.477829409988,238.193196752306,273.356870742755,274.768625449926
"131",230.111734999311,215.789054798878,168.196095647903,175.122717104675
"132",238.217213676754,228.680103617406,287.641758205865,276.35905055054
"133",181.999312955601,218.75009091092,249.518888330775,244.361438052939
"134",274.344621829348,304.937510011811,283.42561444439,298.603534966518
"135",194.442235190294,242.235505781505,265.788659308513,268.478934131491
"136",197.517627089564,230.101460753906,231.83757336649,234.744254661731
"137",281.174709015651,249.089686940693,306.136118607538,316.253347862489
"138",298.137974608255,286.849721716149,285.699857273267,299.746773328129
"139",250.412840328722,239.17154266872,262.174761430337,278.705044301693
"140",268.128517843468,297.249204251026,213.963606914463,299.076886341697
"141",255.680064400492,260.532493372956,294.756353554572,357.549009855361
"142",184.069695254764,204.285285232081,120.155991396577,120.544205947314
"143",271.425784351411,286.808443285006,322.138104079165,297.160133002292
"144",270.575376830167,290.853548586527,345.758018346026,302.231633423824
"145",273.921698157974,294.734934017954,303.630434932748,356.839029294661
"146",207.697794404138,206.8879215822,189.781010813581,178.993123631727
"147",252.425689275041,354.632371740833,318.768061512747,315.90663253167
"148",255.153232449958,266.841058802494,272.700465444738,262.67079085572
"149",219.288549542652,246.775394823681,251.377777528867,282.922297531911
"150",284.843243589864,324.974512011475,228.048573817651,279.775821909817
"151",302.946389514318,294.128318013092,307.031117367773,342.01621613307
"152",285.242928612664,279.940476760268,296.238352902542,335.374903975046
"153",265.248730236419,263.250402497992,252.498007089245,219.27304740334
"154",127.939729235773,192.879638303413,245.785015600117,178.04832394075
"155",185.993054617474,248.441588648798,317.812525051643,288.409440254558
"156",259.650822970046,159.47359034095,291.263038797416,268.629328581267
"157",247.090512699581,296.804292935428,312.654871750484,357.199655759045
"158",201.705618070654,299.587078320463,290.859327090332,308.271833208246
"159",220.117707690195,233.848828047064,241.101323375836,263.745552791097
"160",187.898706253861,254.210435337656,203.825204357887,304.097532220203
"161",195.682117494562,237.442598085981,237.032702560184,275.352532050469
"162",266.619892446023,295.314780191076,336.901323583451,339.427111505974
"163",262.858502494721,300.637697483226,207.617856524993,310.871605292536
"164",305.780081300075,267.900863052746,326.906512954911,353.300357255485
"165",218.769326137777,270.175278072929,173.906183540907,261.220617682339
"166",161.764842189571,174.53812992182,186.998947691584,279.762619595768
"167",299.297260739657,230.429202017172,281.49194329121,272.010063373477
"168",270.96491883925,287.067086674059,313.929681474198,305.42142863588
"169",274.148123888813,269.055699009838,266.56479671418,286.008701923754
"170",278.709548610944,294.990515782447,346.200004647288,300.94545048499
"171",280.87628142645,238.348752667361,219.041906655965,318.257592339701
"172",210.280356425971,222.247113059179,163.770172523593,263.024153403617
"173",236.518198837719,258.770309668919,203.725710953541,275.25849702141
"174",268.793711482022,306.898128546801,270.078716125748,307.311004555763
"175",271.808332957804,266.050542547108,276.464680006483,272.699283584058
"176",227.459905876405,237.963868441099,219.289489904491,233.271551205938
"177",246.008920337642,251.65478163172,266.521701794169,268.816160459616
"178",230.524554467135,241.23542796964,253.511410225516,277.340150264155
"179",252.276170295353,209.113748793553,211.737518547125,244.862469127927
"180",187.40158345928,310.551887151006,279.657601313518,330.41800167223
"181",205.845675248576,223.15946047996,255.310644956111,237.238323695777
"182",203.980181628436,223.927317580992,192.510058326825,286.986114172238
"183",182.547241802299,261.107873975118,286.115616950085,294.062795860946
"184",277.872841247965,287.082076905678,200.650110606012,274.487875728583
"185",256.300313616421,266.693386830939,266.614072678753,293.603630667785
"186",285.38637651153,252.572109905187,308.093731749125,285.121818647864
"187",320.801646689216,314.366361699344,269.242435997388,294.232830135923
"188",245.173900208083,273.057184706203,262.479456132142,304.1541282992
"189",280.907259164926,270.536442388405,285.137683303766,326.028003158311
"190",224.249221506789,287.374316923797,271.057876394787,272.260315721787
"191",210.586226862486,270.903678521941,256.655929914688,253.1940998018
"192",240.834771437637,249.214527162741,244.28978203932,277.469484662465
"193",206.580306281599,322.774499922315,327.209964380999,278.727675227097
"194",254.791575989701,298.831290825485,310.030576420899,310.149816156284
"195",192.763737183268,222.981751186046,257.534453799677,176.004328730828
"196",229.701961895127,212.597074326549,256.480020672611,220.789473716155
"197",208.608365115066,261.038339659275,214.233592171127,271.991316059419
"198",244.592837660876,221.127220818714,231.414454791578,241.796347671995
"199",235.770569247681,234.026302635551,303.986808246655,304.172446863014
"200",321.135850399541,319.261883613795,290.839012413567,318.283412755976
